Calculo de ERM
Cantidad de conexiones: 8434

k: 2
ERM: 4.01613
Precision: 0.635641

k: 3
ERM: 5.52088
Precision: 0.635997

k: 4
ERM: 7.02562
Precision: 0.635997

k: 5
ERM: 8.53037
Precision: 0.635997

